2.166666666666666519e+00 1.500000000000000000e+00 1.333333333333333259e+00
2.166666666666666519e+00 2.666666666666666519e+00 1.666666666666666741e+00
2.166666666666666519e+00 1.500000000000000000e+00 3.666666666666666519e+00
3.333333333333333481e+00 1.666666666666666741e+00 2.000000000000000000e+00
4.666666666666666963e+00 1.500000000000000000e+00 1.833333333333333259e+00
1.666666666666666741e+00 1.666666666666666741e+00 1.833333333333333259e+00
1.166666666666666741e+00 1.333333333333333259e+00 1.833333333333333259e+00
3.500000000000000000e+00 1.333333333333333259e+00 2.000000000000000000e+00
3.500000000000000000e+00 2.666666666666666519e+00 1.333333333333333259e+00
2.333333333333333481e+00 1.833333333333333259e+00 1.500000000000000000e+00
2.333333333333333481e+00 3.000000000000000000e+00 2.000000000000000000e+00
2.500000000000000000e+00 1.666666666666666741e+00 2.000000000000000000e+00
2.000000000000000000e+00 1.666666666666666741e+00 1.500000000000000000e+00
2.166666666666666519e+00 1.333333333333333259e+00 1.500000000000000000e+00
1.333333333333333259e+00 1.333333333333333259e+00 7.166666666666666963e+00
1.333333333333333259e+00 2.333333333333333481e+00 3.166666666666666519e+00
3.333333333333333481e+00 1.666666666666666741e+00 2.500000000000000000e+00
1.333333333333333259e+00 1.333333333333333259e+00 4.000000000000000000e+00
2.166666666666666519e+00 3.000000000000000000e+00 1.666666666666666741e+00
2.500000000000000000e+00 1.500000000000000000e+00 1.833333333333333259e+00
1.333333333333333259e+00 4.833333333333333037e+00 1.666666666666666741e+00
1.833333333333333259e+00 2.333333333333333481e+00 1.666666666666666741e+00
1.333333333333333259e+00 2.000000000000000000e+00 1.666666666666666741e+00
2.333333333333333481e+00 1.333333333333333259e+00 1.666666666666666741e+00
1.500000000000000000e+00 2.166666666666666519e+00 1.333333333333333259e+00
1.500000000000000000e+00 4.666666666666666963e+00 1.666666666666666741e+00
1.333333333333333259e+00 1.166666666666666741e+00 1.833333333333333259e+00
1.333333333333333259e+00 2.000000000000000000e+00 1.500000000000000000e+00
1.333333333333333259e+00 1.666666666666666741e+00 1.333333333333333259e+00
1.500000000000000000e+00 1.500000000000000000e+00 1.333333333333333259e+00
1.833333333333333259e+00 2.666666666666666519e+00 1.500000000000000000e+00
1.500000000000000000e+00 1.833333333333333259e+00 1.833333333333333259e+00
1.833333333333333259e+00 1.333333333333333259e+00 2.500000000000000000e+00
1.500000000000000000e+00 1.833333333333333259e+00 1.333333333333333259e+00
2.000000000000000000e+00 2.833333333333333481e+00 1.833333333333333259e+00
1.500000000000000000e+00 1.666666666666666741e+00 1.833333333333333259e+00
1.500000000000000000e+00 1.833333333333333259e+00 1.666666666666666741e+00
1.500000000000000000e+00 1.500000000000000000e+00 1.666666666666666741e+00
2.000000000000000000e+00 3.000000000000000000e+00 1.833333333333333259e+00
2.333333333333333481e+00 1.666666666666666741e+00 2.166666666666666519e+00
2.000000000000000000e+00 1.333333333333333259e+00 1.666666666666666741e+00
1.500000000000000000e+00 1.666666666666666741e+00 2.333333333333333481e+00
1.833333333333333259e+00 2.000000000000000000e+00 1.333333333333333259e+00
1.833333333333333259e+00 1.500000000000000000e+00 1.500000000000000000e+00
1.500000000000000000e+00 1.333333333333333259e+00 1.833333333333333259e+00
1.666666666666666741e+00 2.166666666666666519e+00 1.666666666666666741e+00
1.333333333333333259e+00 1.333333333333333259e+00 1.666666666666666741e+00
2.000000000000000000e+00 1.500000000000000000e+00 1.166666666666666741e+00
1.833333333333333259e+00 1.833333333333333259e+00 1.333333333333333259e+00
1.500000000000000000e+00 1.333333333333333259e+00 1.500000000000000000e+00
1.833333333333333259e+00 1.666666666666666741e+00 1.666666666666666741e+00
1.166666666666666741e+00 1.333333333333333259e+00 1.333333333333333259e+00
1.833333333333333259e+00 1.500000000000000000e+00 1.500000000000000000e+00
1.833333333333333259e+00 1.500000000000000000e+00 1.333333333333333259e+00
1.666666666666666741e+00 1.666666666666666741e+00 2.333333333333333481e+00
1.833333333333333259e+00 1.333333333333333259e+00 1.500000000000000000e+00
1.500000000000000000e+00 1.166666666666666741e+00 1.833333333333333259e+00
1.666666666666666741e+00 1.333333333333333259e+00 1.833333333333333259e+00
1.333333333333333259e+00 1.666666666666666741e+00 1.333333333333333259e+00
2.333333333333333481e+00 1.666666666666666741e+00 1.500000000000000000e+00
1.166666666666666741e+00 1.666666666666666741e+00 1.333333333333333259e+00
2.166666666666666519e+00 1.500000000000000000e+00 1.500000000000000000e+00
1.500000000000000000e+00 1.500000000000000000e+00 1.500000000000000000e+00
1.333333333333333259e+00 1.500000000000000000e+00 1.333333333333333259e+00
2.333333333333333481e+00 2.166666666666666519e+00 2.000000000000000000e+00
1.833333333333333259e+00 1.666666666666666741e+00 1.833333333333333259e+00
1.500000000000000000e+00 1.666666666666666741e+00 1.666666666666666741e+00
2.000000000000000000e+00 1.833333333333333259e+00 1.500000000000000000e+00
2.333333333333333481e+00 1.333333333333333259e+00 1.500000000000000000e+00
2.000000000000000000e+00 1.333333333333333259e+00 1.833333333333333259e+00
2.000000000000000000e+00 1.333333333333333259e+00 1.500000000000000000e+00
2.166666666666666519e+00 1.833333333333333259e+00 2.166666666666666519e+00
2.333333333333333481e+00 2.166666666666666519e+00 1.833333333333333259e+00
2.666666666666666519e+00 1.500000000000000000e+00 1.166666666666666741e+00
2.333333333333333481e+00 1.833333333333333259e+00 1.833333333333333259e+00
1.833333333333333259e+00 1.500000000000000000e+00 1.166666666666666741e+00
1.833333333333333259e+00 1.833333333333333259e+00 1.333333333333333259e+00
2.000000000000000000e+00 1.833333333333333259e+00 1.833333333333333259e+00
1.333333333333333259e+00 1.166666666666666741e+00 2.166666666666666519e+00
2.166666666666666519e+00 1.333333333333333259e+00 1.666666666666666741e+00
2.166666666666666519e+00 1.500000000000000000e+00 1.500000000000000000e+00
3.000000000000000000e+00 1.500000000000000000e+00 1.833333333333333259e+00
2.666666666666666519e+00 1.500000000000000000e+00 1.500000000000000000e+00
3.666666666666666519e+00 1.666666666666666741e+00 1.500000000000000000e+00
1.500000000000000000e+00 2.333333333333333481e+00 1.666666666666666741e+00
4.666666666666666963e+00 1.833333333333333259e+00 1.500000000000000000e+00
1.666666666666666741e+00 2.000000000000000000e+00 1.500000000000000000e+00
1.666666666666666741e+00 1.666666666666666741e+00 1.833333333333333259e+00
5.500000000000000000e+00 2.000000000000000000e+00 1.666666666666666741e+00
3.000000000000000000e+00 1.333333333333333259e+00 2.000000000000000000e+00
1.500000000000000000e+00 1.833333333333333259e+00 1.333333333333333259e+00
1.500000000000000000e+00 1.666666666666666741e+00 2.000000000000000000e+00
1.166666666666666741e+00 1.500000000000000000e+00 1.500000000000000000e+00
3.666666666666666519e+00 1.833333333333333259e+00 1.666666666666666741e+00
1.500000000000000000e+00 1.500000000000000000e+00 1.500000000000000000e+00
4.833333333333333037e+00 1.333333333333333259e+00 1.333333333333333259e+00
3.000000000000000000e+00 1.833333333333333259e+00 1.500000000000000000e+00
1.833333333333333259e+00 1.166666666666666741e+00 1.500000000000000000e+00
1.500000000000000000e+00 1.333333333333333259e+00 1.333333333333333259e+00
4.333333333333333037e+00 1.333333333333333259e+00 1.666666666666666741e+00
4.333333333333333037e+00 1.500000000000000000e+00 1.166666666666666741e+00
2.166666666666666519e+00 1.500000000000000000e+00 1.333333333333333259e+00
4.000000000000000000e+00 1.500000000000000000e+00 1.833333333333333259e+00
1.333333333333333259e+00 1.333333333333333259e+00 1.333333333333333259e+00
1.333333333333333259e+00 1.500000000000000000e+00 1.666666666666666741e+00
1.333333333333333259e+00 1.833333333333333259e+00 1.500000000000000000e+00
3.166666666666666519e+00 1.500000000000000000e+00 3.166666666666666519e+00
1.333333333333333259e+00 1.666666666666666741e+00 2.000000000000000000e+00
1.333333333333333259e+00 1.833333333333333259e+00 1.333333333333333259e+00
1.166666666666666741e+00 1.333333333333333259e+00 1.666666666666666741e+00
1.500000000000000000e+00 1.500000000000000000e+00 2.000000000000000000e+00
1.333333333333333259e+00 1.500000000000000000e+00 1.666666666666666741e+00
1.333333333333333259e+00 1.666666666666666741e+00 1.333333333333333259e+00
1.666666666666666741e+00 2.833333333333333481e+00 1.166666666666666741e+00
1.166666666666666741e+00 2.000000000000000000e+00 1.166666666666666741e+00
1.833333333333333259e+00 1.833333333333333259e+00 1.500000000000000000e+00
1.333333333333333259e+00 3.000000000000000000e+00 1.833333333333333259e+00
1.666666666666666741e+00 2.000000000000000000e+00 2.000000000000000000e+00
1.666666666666666741e+00 1.833333333333333259e+00 1.333333333333333259e+00
1.333333333333333259e+00 2.000000000000000000e+00 1.166666666666666741e+00
1.166666666666666741e+00 2.000000000000000000e+00 1.666666666666666741e+00
1.833333333333333259e+00 2.333333333333333481e+00 1.333333333333333259e+00
1.333333333333333259e+00 1.833333333333333259e+00 1.666666666666666741e+00
2.666666666666666519e+00 2.500000000000000000e+00 1.333333333333333259e+00
1.500000000000000000e+00 2.833333333333333481e+00 1.333333333333333259e+00
1.833333333333333259e+00 2.500000000000000000e+00 1.833333333333333259e+00
1.500000000000000000e+00 1.833333333333333259e+00 1.666666666666666741e+00
1.500000000000000000e+00 3.500000000000000000e+00 1.500000000000000000e+00
1.166666666666666741e+00 2.833333333333333481e+00 2.166666666666666519e+00
1.500000000000000000e+00 2.000000000000000000e+00 1.666666666666666741e+00
1.666666666666666741e+00 2.333333333333333481e+00 1.333333333333333259e+00
4.833333333333333037e+00 5.500000000000000000e+00 1.166666666666666741e+00
2.833333333333333481e+00 2.833333333333333481e+00 1.500000000000000000e+00
1.333333333333333259e+00 4.666666666666666963e+00 1.500000000000000000e+00
5.166666666666666963e+00 3.333333333333333481e+00 1.833333333333333259e+00
4.333333333333333037e+00 3.500000000000000000e+00 1.500000000000000000e+00
1.833333333333333259e+00 4.166666666666666963e+00 1.500000000000000000e+00
5.166666666666666963e+00 4.666666666666666963e+00 2.000000000000000000e+00
5.333333333333333037e+00 8.500000000000000000e+00 2.000000000000000000e+00
5.000000000000000000e+00 4.500000000000000000e+00 1.500000000000000000e+00
2.083333333333333215e+01 5.500000000000000000e+00 1.333333333333333259e+00
2.533333333333333215e+01 7.500000000000000000e+00 1.333333333333333259e+00
2.250000000000000000e+01 1.550000000000000000e+01 1.500000000000000000e+00
2.166666666666666785e+01 1.116666666666666607e+01 1.666666666666666741e+00
2.466666666666666785e+01 1.150000000000000000e+01 1.833333333333333259e+00
3.400000000000000000e+01 1.333333333333333393e+01 1.500000000000000000e+00
3.600000000000000000e+01 1.816666666666666785e+01 1.666666666666666741e+00
2.966666666666666785e+01 1.850000000000000000e+01 1.500000000000000000e+00
3.916666666666666430e+01 1.916666666666666785e+01 1.833333333333333259e+00
3.266666666666666430e+01 2.566666666666666785e+01 2.500000000000000000e+00
4.366666666666666430e+01 2.100000000000000000e+01 1.833333333333333259e+00
4.033333333333333570e+01 2.150000000000000000e+01 1.666666666666666741e+00
3.416666666666666430e+01 3.333333333333333570e+01 4.000000000000000000e+00
2.733333333333333215e+01 2.450000000000000000e+01 3.333333333333333481e+00
4.133333333333333570e+01 3.050000000000000000e+01 4.833333333333333037e+00
2.816666666666666785e+01 4.533333333333333570e+01 5.166666666666666963e+00
3.016666666666666785e+01 3.483333333333333570e+01 7.000000000000000000e+00
4.333333333333333570e+01 3.400000000000000000e+01 4.166666666666666963e+00
4.533333333333333570e+01 4.683333333333333570e+01 5.000000000000000000e+00
3.116666666666666785e+01 3.550000000000000000e+01 8.833333333333333925e+00
3.950000000000000000e+01 4.200000000000000000e+01 8.666666666666666075e+00
4.316666666666666430e+01 4.733333333333333570e+01 6.833333333333333037e+00
3.883333333333333570e+01 3.750000000000000000e+01 8.166666666666666075e+00
3.616666666666666430e+01 3.533333333333333570e+01 1.850000000000000000e+01
3.283333333333333570e+01 3.066666666666666785e+01 1.866666666666666785e+01
4.816666666666666430e+01 6.366666666666666430e+01 1.166666666666666607e+01
3.650000000000000000e+01 2.450000000000000000e+01 4.566666666666666430e+01
3.983333333333333570e+01 4.433333333333333570e+01 8.316666666666667140e+01
3.716666666666666430e+01 3.366666666666666430e+01 8.316666666666667140e+01
5.416666666666666430e+01 3.750000000000000000e+01 5.716666666666666430e+01
3.566666666666666430e+01 2.466666666666666785e+01 5.600000000000000000e+01
3.483333333333333570e+01 3.083333333333333215e+01 4.183333333333333570e+01
3.383333333333333570e+01 2.133333333333333215e+01 4.333333333333333570e+01
3.450000000000000000e+01 2.716666666666666785e+01 5.316666666666666430e+01
3.866666666666666430e+01 2.066666666666666785e+01 5.533333333333333570e+01
2.866666666666666785e+01 3.016666666666666785e+01 4.116666666666666430e+01
3.233333333333333570e+01 2.800000000000000000e+01 4.500000000000000000e+01
3.450000000000000000e+01 2.650000000000000000e+01 4.783333333333333570e+01
3.100000000000000000e+01 2.583333333333333215e+01 4.016666666666666430e+01
3.083333333333333215e+01 2.300000000000000000e+01 3.466666666666666430e+01
3.100000000000000000e+01 2.283333333333333215e+01 3.450000000000000000e+01
3.350000000000000000e+01 2.450000000000000000e+01 3.583333333333333570e+01
3.050000000000000000e+01 2.116666666666666785e+01 3.666666666666666430e+01
3.333333333333333570e+01 2.016666666666666785e+01 3.516666666666666430e+01
2.866666666666666785e+01 2.550000000000000000e+01 3.450000000000000000e+01
3.116666666666666785e+01 2.050000000000000000e+01 3.950000000000000000e+01
3.350000000000000000e+01 2.350000000000000000e+01 3.333333333333333570e+01
2.866666666666666785e+01 2.900000000000000000e+01 3.516666666666666430e+01
3.100000000000000000e+01 2.516666666666666785e+01 3.533333333333333570e+01
3.350000000000000000e+01 3.083333333333333215e+01 3.433333333333333570e+01
4.250000000000000000e+01 3.750000000000000000e+01 3.600000000000000000e+01
4.000000000000000000e+01 2.733333333333333215e+01 3.650000000000000000e+01
3.733333333333333570e+01 3.150000000000000000e+01 3.316666666666666430e+01
3.233333333333333570e+01 2.566666666666666785e+01 3.716666666666666430e+01
4.450000000000000000e+01 2.466666666666666785e+01 3.366666666666666430e+01
5.133333333333333570e+01 2.183333333333333215e+01 3.416666666666666430e+01
3.666666666666666430e+01 1.966666666666666785e+01 3.666666666666666430e+01
4.150000000000000000e+01 2.733333333333333215e+01 3.350000000000000000e+01
3.350000000000000000e+01 2.066666666666666785e+01 3.116666666666666785e+01
5.633333333333333570e+01 2.433333333333333215e+01 3.533333333333333570e+01
4.166666666666666430e+01 2.666666666666666785e+01 3.333333333333333570e+01
3.450000000000000000e+01 2.883333333333333215e+01 3.433333333333333570e+01
3.650000000000000000e+01 2.266666666666666785e+01 3.766666666666666430e+01
3.383333333333333570e+01 2.716666666666666785e+01 3.350000000000000000e+01
3.516666666666666430e+01 3.566666666666666430e+01 3.616666666666666430e+01
3.266666666666666430e+01 2.733333333333333215e+01 3.350000000000000000e+01
4.183333333333333570e+01 2.200000000000000000e+01 3.600000000000000000e+01
3.283333333333333570e+01 2.950000000000000000e+01 3.466666666666666430e+01
3.650000000000000000e+01 2.616666666666666785e+01 3.816666666666666430e+01
3.783333333333333570e+01 4.033333333333333570e+01 3.600000000000000000e+01
3.333333333333333570e+01 3.333333333333333570e+01 3.900000000000000000e+01
2.916666666666666785e+01 2.850000000000000000e+01 3.950000000000000000e+01
3.616666666666666430e+01 2.950000000000000000e+01 3.483333333333333570e+01
3.766666666666666430e+01 4.466666666666666430e+01 3.533333333333333570e+01
3.183333333333333215e+01 4.033333333333333570e+01 3.800000000000000000e+01
3.616666666666666430e+01 3.250000000000000000e+01 3.966666666666666430e+01
4.016666666666666430e+01 2.783333333333333215e+01 3.800000000000000000e+01
4.433333333333333570e+01 3.816666666666666430e+01 3.916666666666666430e+01
4.133333333333333570e+01 2.916666666666666785e+01 3.616666666666666430e+01
3.000000000000000000e+01 2.766666666666666785e+01 3.633333333333333570e+01
3.966666666666666430e+01 3.616666666666666430e+01 3.500000000000000000e+01
3.583333333333333570e+01 2.783333333333333215e+01 3.500000000000000000e+01
4.800000000000000000e+01 2.666666666666666785e+01 3.883333333333333570e+01
3.983333333333333570e+01 2.516666666666666785e+01 3.633333333333333570e+01
5.083333333333333570e+01 3.266666666666666430e+01 3.550000000000000000e+01
3.216666666666666430e+01 3.100000000000000000e+01 3.433333333333333570e+01
3.616666666666666430e+01 2.816666666666666785e+01 3.416666666666666430e+01
4.083333333333333570e+01 3.150000000000000000e+01 3.366666666666666430e+01
3.583333333333333570e+01 3.416666666666666430e+01 3.583333333333333570e+01
4.366666666666666430e+01 3.183333333333333215e+01 3.566666666666666430e+01
3.500000000000000000e+01 2.866666666666666785e+01 3.466666666666666430e+01
3.216666666666666430e+01 3.000000000000000000e+01 3.416666666666666430e+01
3.133333333333333215e+01 2.450000000000000000e+01 3.700000000000000000e+01
3.533333333333333570e+01 2.883333333333333215e+01 3.833333333333333570e+01
3.183333333333333215e+01 2.766666666666666785e+01 3.366666666666666430e+01
3.233333333333333570e+01 3.150000000000000000e+01 3.783333333333333570e+01
2.950000000000000000e+01 3.700000000000000000e+01 3.633333333333333570e+01
3.816666666666666430e+01 3.333333333333333570e+01 3.933333333333333570e+01
4.016666666666666430e+01 3.250000000000000000e+01 3.466666666666666430e+01
3.633333333333333570e+01 2.700000000000000000e+01 3.883333333333333570e+01
4.166666666666666430e+01 3.150000000000000000e+01 3.733333333333333570e+01
3.266666666666666430e+01 3.183333333333333215e+01 3.816666666666666430e+01
3.483333333333333570e+01 3.633333333333333570e+01 3.566666666666666430e+01
3.616666666666666430e+01 2.983333333333333215e+01 3.900000000000000000e+01
3.583333333333333570e+01 3.383333333333333570e+01 3.950000000000000000e+01
3.300000000000000000e+01 3.466666666666666430e+01 3.716666666666666430e+01
3.883333333333333570e+01 2.733333333333333215e+01 3.833333333333333570e+01
4.216666666666666430e+01 3.416666666666666430e+01 4.500000000000000000e+01
4.716666666666666430e+01 3.200000000000000000e+01 3.716666666666666430e+01
3.066666666666666785e+01 2.650000000000000000e+01 4.500000000000000000e+01
4.833333333333333570e+01 3.733333333333333570e+01 3.633333333333333570e+01
4.350000000000000000e+01 3.016666666666666785e+01 4.583333333333333570e+01
3.316666666666666430e+01 3.966666666666666430e+01 4.216666666666666430e+01
3.400000000000000000e+01 3.266666666666666430e+01 3.966666666666666430e+01
3.316666666666666430e+01 3.866666666666666430e+01 3.950000000000000000e+01
3.916666666666666430e+01 3.066666666666666785e+01 4.866666666666666430e+01
3.850000000000000000e+01 2.833333333333333215e+01 4.183333333333333570e+01
4.150000000000000000e+01 3.516666666666666430e+01 3.866666666666666430e+01
3.783333333333333570e+01 3.483333333333333570e+01 4.116666666666666430e+01
4.750000000000000000e+01 2.950000000000000000e+01 4.500000000000000000e+01
3.466666666666666430e+01 2.766666666666666785e+01 4.233333333333333570e+01
3.866666666666666430e+01 2.750000000000000000e+01 4.233333333333333570e+01
3.866666666666666430e+01 2.616666666666666785e+01 4.583333333333333570e+01
4.200000000000000000e+01 2.866666666666666785e+01 4.783333333333333570e+01
3.566666666666666430e+01 3.100000000000000000e+01 4.800000000000000000e+01
4.933333333333333570e+01 2.500000000000000000e+01 4.716666666666666430e+01
3.383333333333333570e+01 2.700000000000000000e+01 4.766666666666666430e+01
3.483333333333333570e+01 2.516666666666666785e+01 4.666666666666666430e+01
3.700000000000000000e+01 3.366666666666666430e+01 5.566666666666666430e+01
3.233333333333333570e+01 2.750000000000000000e+01 4.833333333333333570e+01
3.533333333333333570e+01 3.183333333333333215e+01 5.233333333333333570e+01
3.766666666666666430e+01 3.083333333333333215e+01 5.233333333333333570e+01
4.666666666666666430e+01 3.116666666666666785e+01 5.366666666666666430e+01
3.533333333333333570e+01 2.750000000000000000e+01 6.183333333333333570e+01
3.683333333333333570e+01 3.050000000000000000e+01 6.333333333333333570e+01
3.216666666666666430e+01 2.933333333333333215e+01 6.783333333333332860e+01
3.783333333333333570e+01 2.616666666666666785e+01 7.200000000000000000e+01
3.516666666666666430e+01 2.916666666666666785e+01 7.783333333333332860e+01
3.600000000000000000e+01 3.683333333333333570e+01 8.316666666666667140e+01
4.116666666666666430e+01 2.883333333333333215e+01 8.316666666666667140e+01
3.883333333333333570e+01 3.133333333333333215e+01 8.316666666666667140e+01
4.116666666666666430e+01 2.550000000000000000e+01 8.316666666666667140e+01
3.966666666666666430e+01 3.700000000000000000e+01 8.316666666666667140e+01
3.450000000000000000e+01 3.000000000000000000e+01 8.316666666666667140e+01
4.500000000000000000e+01 2.166666666666666785e+01 8.316666666666667140e+01
3.466666666666666430e+01 3.683333333333333570e+01 7.650000000000000000e+01
4.683333333333333570e+01 3.066666666666666785e+01 5.633333333333333570e+01
4.066666666666666430e+01 3.050000000000000000e+01 7.916666666666667140e+01
4.916666666666666430e+01 2.833333333333333215e+01 3.566666666666666430e+01
3.450000000000000000e+01 2.983333333333333215e+01 3.066666666666666785e+01
3.833333333333333570e+01 3.166666666666666785e+01 4.816666666666666430e+01
3.516666666666666430e+01 3.183333333333333215e+01 4.566666666666666430e+01
3.900000000000000000e+01 2.616666666666666785e+01 6.433333333333332860e+01
3.683333333333333570e+01 3.200000000000000000e+01 4.600000000000000000e+01
4.616666666666666430e+01 3.233333333333333570e+01 4.950000000000000000e+01
3.550000000000000000e+01 3.066666666666666785e+01 4.466666666666666430e+01
5.200000000000000000e+01 2.733333333333333215e+01 5.416666666666666430e+01
6.716666666666667140e+01 3.033333333333333215e+01 4.516666666666666430e+01
4.083333333333333570e+01 3.016666666666666785e+01 5.400000000000000000e+01
3.683333333333333570e+01 3.366666666666666430e+01 4.766666666666666430e+01
4.050000000000000000e+01 2.666666666666666785e+01 4.850000000000000000e+01
4.333333333333333570e+01 2.950000000000000000e+01 4.733333333333333570e+01
3.483333333333333570e+01 2.800000000000000000e+01 4.483333333333333570e+01
4.483333333333333570e+01 2.683333333333333215e+01 5.150000000000000000e+01
3.933333333333333570e+01 3.900000000000000000e+01 4.166666666666666430e+01
4.183333333333333570e+01 3.000000000000000000e+01 4.450000000000000000e+01
4.550000000000000000e+01 3.366666666666666430e+01 3.866666666666666430e+01
5.266666666666666430e+01 2.883333333333333215e+01 4.666666666666666430e+01
4.683333333333333570e+01 3.083333333333333215e+01 4.066666666666666430e+01
4.200000000000000000e+01 3.800000000000000000e+01 4.200000000000000000e+01
4.100000000000000000e+01 3.133333333333333215e+01 4.100000000000000000e+01
4.100000000000000000e+01 3.850000000000000000e+01 3.933333333333333570e+01
3.933333333333333570e+01 3.216666666666666430e+01 3.450000000000000000e+01
7.516666666666667140e+01 2.800000000000000000e+01 4.366666666666666430e+01
3.450000000000000000e+01 2.900000000000000000e+01 3.616666666666666430e+01
4.933333333333333570e+01 2.783333333333333215e+01 3.466666666666666430e+01
4.116666666666666430e+01 2.933333333333333215e+01 3.466666666666666430e+01
5.516666666666666430e+01 3.033333333333333215e+01 2.166666666666666785e+01
5.200000000000000000e+01 2.816666666666666785e+01 1.683333333333333215e+01
4.466666666666666430e+01 3.233333333333333570e+01 1.850000000000000000e+01
5.133333333333333570e+01 2.900000000000000000e+01 2.066666666666666785e+01
5.550000000000000000e+01 2.816666666666666785e+01 1.716666666666666785e+01
4.616666666666666430e+01 2.900000000000000000e+01 1.850000000000000000e+01
4.166666666666666430e+01 2.766666666666666785e+01 1.900000000000000000e+01
3.883333333333333570e+01 2.950000000000000000e+01 2.033333333333333215e+01
4.183333333333333570e+01 3.216666666666666430e+01 2.150000000000000000e+01
4.366666666666666430e+01 2.766666666666666785e+01 1.866666666666666785e+01
4.750000000000000000e+01 2.616666666666666785e+01 1.750000000000000000e+01
3.983333333333333570e+01 3.700000000000000000e+01 2.066666666666666785e+01
5.416666666666666430e+01 2.883333333333333215e+01 1.916666666666666785e+01
4.933333333333333570e+01 2.816666666666666785e+01 1.683333333333333215e+01
4.766666666666666430e+01 2.816666666666666785e+01 1.883333333333333215e+01
3.616666666666666430e+01 3.400000000000000000e+01 2.200000000000000000e+01
4.750000000000000000e+01 2.633333333333333215e+01 1.916666666666666785e+01
5.100000000000000000e+01 3.550000000000000000e+01 1.950000000000000000e+01
4.316666666666666430e+01 2.533333333333333215e+01 1.800000000000000000e+01
4.400000000000000000e+01 2.483333333333333215e+01 1.866666666666666785e+01
4.350000000000000000e+01 3.116666666666666785e+01 1.766666666666666785e+01
4.733333333333333570e+01 3.383333333333333570e+01 1.700000000000000000e+01
4.550000000000000000e+01 2.533333333333333215e+01 1.683333333333333215e+01
4.016666666666666430e+01 2.883333333333333215e+01 1.766666666666666785e+01
3.850000000000000000e+01 4.116666666666666430e+01 1.666666666666666785e+01
6.083333333333333570e+01 3.000000000000000000e+01 1.633333333333333215e+01
4.600000000000000000e+01 3.466666666666666430e+01 1.783333333333333215e+01
4.450000000000000000e+01 4.116666666666666430e+01 1.816666666666666785e+01
5.650000000000000000e+01 2.733333333333333215e+01 6.666666666666666963e+00
3.866666666666666430e+01 2.733333333333333215e+01 5.666666666666666963e+00
4.366666666666666430e+01 2.933333333333333215e+01 1.700000000000000000e+01
4.350000000000000000e+01 2.383333333333333215e+01 6.166666666666666963e+00
3.950000000000000000e+01 2.533333333333333215e+01 4.166666666666666963e+00
3.833333333333333570e+01 3.183333333333333215e+01 4.833333333333333037e+00
3.866666666666666430e+01 2.683333333333333215e+01 1.533333333333333393e+01
4.833333333333333570e+01 2.366666666666666785e+01 6.166666666666666963e+00
5.316666666666666430e+01 2.700000000000000000e+01 6.000000000000000000e+00
6.383333333333333570e+01 2.916666666666666785e+01 6.166666666666666963e+00
4.816666666666666430e+01 2.816666666666666785e+01 4.333333333333333037e+00
6.183333333333333570e+01 3.250000000000000000e+01 4.833333333333333037e+00
4.300000000000000000e+01 2.766666666666666785e+01 3.833333333333333481e+00
4.116666666666666430e+01 2.733333333333333215e+01 4.333333333333333037e+00
3.900000000000000000e+01 2.833333333333333215e+01 5.666666666666666963e+00
3.533333333333333570e+01 3.466666666666666430e+01 5.666666666666666963e+00
4.033333333333333570e+01 3.750000000000000000e+01 3.833333333333333481e+00
5.033333333333333570e+01 3.266666666666666430e+01 4.000000000000000000e+00
4.283333333333333570e+01 2.650000000000000000e+01 6.166666666666666963e+00
4.783333333333333570e+01 2.750000000000000000e+01 5.000000000000000000e+00
3.833333333333333570e+01 3.833333333333333570e+01 3.833333333333333481e+00
4.983333333333333570e+01 2.700000000000000000e+01 3.833333333333333481e+00
4.516666666666666430e+01 3.150000000000000000e+01 4.166666666666666963e+00
5.116666666666666430e+01 3.000000000000000000e+01 3.833333333333333481e+00
4.733333333333333570e+01 3.050000000000000000e+01 4.166666666666666963e+00
4.316666666666666430e+01 2.816666666666666785e+01 3.666666666666666519e+00
4.433333333333333570e+01 2.783333333333333215e+01 3.666666666666666519e+00
5.583333333333333570e+01 3.283333333333333570e+01 4.833333333333333037e+00
4.583333333333333570e+01 3.783333333333333570e+01 3.500000000000000000e+00
5.233333333333333570e+01 3.916666666666666430e+01 4.000000000000000000e+00
3.883333333333333570e+01 2.633333333333333215e+01 3.333333333333333481e+00
4.166666666666666430e+01 2.933333333333333215e+01 4.333333333333333037e+00
4.716666666666666430e+01 3.183333333333333215e+01 3.500000000000000000e+00
4.050000000000000000e+01 3.066666666666666785e+01 5.166666666666666963e+00
4.400000000000000000e+01 3.166666666666666785e+01 4.000000000000000000e+00
4.533333333333333570e+01 2.883333333333333215e+01 3.666666666666666519e+00
4.583333333333333570e+01 3.133333333333333215e+01 3.666666666666666519e+00
5.100000000000000000e+01 2.950000000000000000e+01 4.000000000000000000e+00
4.250000000000000000e+01 3.100000000000000000e+01 4.166666666666666963e+00
4.350000000000000000e+01 2.616666666666666785e+01 4.000000000000000000e+00
5.333333333333333570e+01 3.400000000000000000e+01 3.000000000000000000e+00
3.916666666666666430e+01 2.983333333333333215e+01 3.666666666666666519e+00
5.200000000000000000e+01 2.616666666666666785e+01 3.000000000000000000e+00
4.233333333333333570e+01 2.483333333333333215e+01 3.166666666666666519e+00
4.916666666666666430e+01 3.050000000000000000e+01 3.666666666666666519e+00
3.766666666666666430e+01 3.166666666666666785e+01 2.666666666666666519e+00
5.166666666666666430e+01 3.216666666666666430e+01 4.666666666666666963e+00
4.266666666666666430e+01 2.466666666666666785e+01 4.333333333333333037e+00
4.266666666666666430e+01 3.400000000000000000e+01 4.666666666666666963e+00
4.300000000000000000e+01 3.583333333333333570e+01 2.833333333333333481e+00
5.116666666666666430e+01 3.216666666666666430e+01 3.500000000000000000e+00
4.250000000000000000e+01 2.783333333333333215e+01 3.500000000000000000e+00
6.533333333333332860e+01 3.650000000000000000e+01 3.666666666666666519e+00
6.133333333333333570e+01 2.833333333333333215e+01 3.833333333333333481e+00
4.066666666666666430e+01 2.983333333333333215e+01 3.333333333333333481e+00
3.916666666666666430e+01 2.516666666666666785e+01 4.000000000000000000e+00
6.300000000000000000e+01 2.966666666666666785e+01 3.666666666666666519e+00
5.033333333333333570e+01 2.583333333333333215e+01 3.166666666666666519e+00
4.316666666666666430e+01 3.000000000000000000e+01 3.666666666666666519e+00
4.050000000000000000e+01 3.450000000000000000e+01 3.666666666666666519e+00
5.116666666666666430e+01 3.483333333333333570e+01 3.000000000000000000e+00
3.800000000000000000e+01 3.033333333333333215e+01 4.333333333333333037e+00
4.000000000000000000e+01 3.366666666666666430e+01 3.333333333333333481e+00
4.233333333333333570e+01 2.433333333333333215e+01 2.833333333333333481e+00
3.850000000000000000e+01 2.750000000000000000e+01 3.500000000000000000e+00
5.083333333333333570e+01 3.150000000000000000e+01 3.333333333333333481e+00
4.866666666666666430e+01 2.466666666666666785e+01 4.000000000000000000e+00
4.766666666666666430e+01 3.283333333333333570e+01 4.000000000000000000e+00
5.100000000000000000e+01 2.933333333333333215e+01 4.333333333333333037e+00
4.583333333333333570e+01 2.583333333333333215e+01 4.166666666666666963e+00
4.866666666666666430e+01 3.416666666666666430e+01 4.333333333333333037e+00
4.800000000000000000e+01 2.833333333333333215e+01 4.166666666666666963e+00
4.816666666666666430e+01 2.766666666666666785e+01 3.333333333333333481e+00
4.600000000000000000e+01 2.550000000000000000e+01 4.166666666666666963e+00
4.116666666666666430e+01 2.633333333333333215e+01 3.333333333333333481e+00
5.033333333333333570e+01 3.116666666666666785e+01 2.833333333333333481e+00
4.416666666666666430e+01 2.433333333333333215e+01 3.333333333333333481e+00
4.266666666666666430e+01 3.500000000000000000e+01 3.000000000000000000e+00
5.083333333333333570e+01 2.400000000000000000e+01 3.333333333333333481e+00
4.016666666666666430e+01 2.550000000000000000e+01 4.000000000000000000e+00
4.550000000000000000e+01 3.166666666666666785e+01 3.333333333333333481e+00
4.666666666666666430e+01 2.550000000000000000e+01 4.000000000000000000e+00
4.583333333333333570e+01 2.733333333333333215e+01 4.333333333333333037e+00
4.866666666666666430e+01 2.783333333333333215e+01 3.500000000000000000e+00
5.066666666666666430e+01 2.816666666666666785e+01 3.500000000000000000e+00
5.416666666666666430e+01 2.450000000000000000e+01 3.833333333333333481e+00
3.950000000000000000e+01 2.783333333333333215e+01 3.666666666666666519e+00
4.716666666666666430e+01 2.866666666666666785e+01 3.666666666666666519e+00
3.983333333333333570e+01 3.116666666666666785e+01 3.333333333333333481e+00
6.516666666666667140e+01 2.933333333333333215e+01 3.833333333333333481e+00
4.850000000000000000e+01 2.716666666666666785e+01 3.000000000000000000e+00
4.783333333333333570e+01 2.416666666666666785e+01 3.333333333333333481e+00
4.250000000000000000e+01 3.400000000000000000e+01 4.666666666666666963e+00
4.716666666666666430e+01 2.533333333333333215e+01 3.666666666666666519e+00
6.233333333333333570e+01 3.200000000000000000e+01 4.166666666666666963e+00
4.666666666666666430e+01 2.850000000000000000e+01 3.166666666666666519e+00
4.416666666666666430e+01 2.733333333333333215e+01 3.333333333333333481e+00
6.233333333333333570e+01 2.983333333333333215e+01 2.833333333333333481e+00
5.883333333333333570e+01 3.000000000000000000e+01 3.833333333333333481e+00
4.766666666666666430e+01 3.000000000000000000e+01 3.166666666666666519e+00
4.466666666666666430e+01 2.800000000000000000e+01 2.500000000000000000e+00
4.750000000000000000e+01 2.483333333333333215e+01 4.000000000000000000e+00
4.433333333333333570e+01 2.566666666666666785e+01 3.500000000000000000e+00
5.116666666666666430e+01 3.616666666666666430e+01 2.833333333333333481e+00
5.483333333333333570e+01 3.433333333333333570e+01 3.500000000000000000e+00
6.950000000000000000e+01 2.733333333333333215e+01 4.166666666666666963e+00
4.950000000000000000e+01 2.816666666666666785e+01 4.333333333333333037e+00
4.950000000000000000e+01 3.483333333333333570e+01 4.000000000000000000e+00
4.750000000000000000e+01 2.733333333333333215e+01 3.833333333333333481e+00
4.666666666666666430e+01 2.850000000000000000e+01 3.333333333333333481e+00
4.366666666666666430e+01 3.266666666666666430e+01 2.833333333333333481e+00
4.866666666666666430e+01 2.900000000000000000e+01 3.500000000000000000e+00
5.083333333333333570e+01 2.583333333333333215e+01 3.166666666666666519e+00
4.700000000000000000e+01 3.100000000000000000e+01 3.666666666666666519e+00
5.816666666666666430e+01 2.450000000000000000e+01 3.333333333333333481e+00
5.883333333333333570e+01 2.866666666666666785e+01 4.000000000000000000e+00
4.350000000000000000e+01 2.816666666666666785e+01 3.333333333333333481e+00
4.783333333333333570e+01 2.483333333333333215e+01 3.500000000000000000e+00
5.400000000000000000e+01 2.516666666666666785e+01 3.166666666666666519e+00
4.916666666666666430e+01 3.916666666666666430e+01 3.666666666666666519e+00
4.533333333333333570e+01 2.400000000000000000e+01 3.333333333333333481e+00
5.016666666666666430e+01 2.633333333333333215e+01 3.833333333333333481e+00
5.333333333333333570e+01 2.566666666666666785e+01 3.666666666666666519e+00
5.016666666666666430e+01 4.216666666666666430e+01 3.666666666666666519e+00
4.250000000000000000e+01 3.066666666666666785e+01 2.666666666666666519e+00
4.716666666666666430e+01 3.516666666666666430e+01 3.500000000000000000e+00
4.583333333333333570e+01 3.000000000000000000e+01 3.333333333333333481e+00
5.083333333333333570e+01 3.250000000000000000e+01 4.000000000000000000e+00
8.316666666666667140e+01 3.100000000000000000e+01 2.833333333333333481e+00
4.983333333333333570e+01 2.533333333333333215e+01 2.833333333333333481e+00
4.633333333333333570e+01 2.633333333333333215e+01 4.166666666666666963e+00
5.500000000000000000e+01 2.433333333333333215e+01 3.333333333333333481e+00
4.633333333333333570e+01 3.333333333333333570e+01 3.666666666666666519e+00
5.066666666666666430e+01 2.416666666666666785e+01 3.166666666666666519e+00
5.450000000000000000e+01 2.450000000000000000e+01 4.000000000000000000e+00
4.933333333333333570e+01 2.850000000000000000e+01 3.000000000000000000e+00
4.400000000000000000e+01 2.450000000000000000e+01 3.500000000000000000e+00
5.216666666666666430e+01 2.833333333333333215e+01 3.500000000000000000e+00
4.966666666666666430e+01 2.550000000000000000e+01 3.000000000000000000e+00
5.333333333333333570e+01 2.950000000000000000e+01 3.166666666666666519e+00
4.200000000000000000e+01 2.866666666666666785e+01 3.333333333333333481e+00
5.666666666666666430e+01 2.783333333333333215e+01 3.500000000000000000e+00
5.166666666666666430e+01 3.066666666666666785e+01 3.333333333333333481e+00
4.450000000000000000e+01 2.666666666666666785e+01 3.000000000000000000e+00
4.750000000000000000e+01 2.666666666666666785e+01 4.000000000000000000e+00
4.266666666666666430e+01 3.050000000000000000e+01 3.333333333333333481e+00
4.550000000000000000e+01 2.483333333333333215e+01 3.333333333333333481e+00
4.416666666666666430e+01 2.450000000000000000e+01 3.333333333333333481e+00
5.666666666666666430e+01 2.350000000000000000e+01 3.833333333333333481e+00
5.283333333333333570e+01 2.933333333333333215e+01 4.333333333333333037e+00
4.800000000000000000e+01 3.200000000000000000e+01 3.500000000000000000e+00
4.666666666666666430e+01 2.666666666666666785e+01 3.833333333333333481e+00
4.933333333333333570e+01 2.683333333333333215e+01 1.400000000000000000e+01
6.066666666666666430e+01 2.616666666666666785e+01 3.166666666666666519e+00
5.366666666666666430e+01 2.533333333333333215e+01 3.833333333333333481e+00
