1.666666666666666741e+00 3.000000000000000000e+00 1.500000000000000000e+00
1.833333333333333259e+00 2.833333333333333481e+00 3.000000000000000000e+00
1.833333333333333259e+00 4.833333333333333037e+00 2.000000000000000000e+00
4.000000000000000000e+00 2.500000000000000000e+00 2.500000000000000000e+00
2.166666666666666519e+00 2.666666666666666519e+00 2.333333333333333481e+00
1.500000000000000000e+00 1.500000000000000000e+00 2.333333333333333481e+00
1.666666666666666741e+00 7.833333333333333037e+00 1.500000000000000000e+00
1.833333333333333259e+00 5.666666666666666963e+00 1.833333333333333259e+00
2.500000000000000000e+00 3.833333333333333481e+00 2.666666666666666519e+00
1.333333333333333259e+00 1.833333333333333259e+00 1.333333333333333259e+00
4.500000000000000000e+00 1.666666666666666741e+00 1.833333333333333259e+00
1.333333333333333259e+00 2.000000000000000000e+00 1.666666666666666741e+00
2.333333333333333481e+00 3.666666666666666519e+00 1.833333333333333259e+00
1.666666666666666741e+00 2.000000000000000000e+00 1.833333333333333259e+00
3.000000000000000000e+00 1.666666666666666741e+00 1.500000000000000000e+00
1.833333333333333259e+00 1.500000000000000000e+00 2.166666666666666519e+00
2.833333333333333481e+00 2.666666666666666519e+00 1.500000000000000000e+00
6.166666666666666963e+00 1.666666666666666741e+00 1.666666666666666741e+00
1.500000000000000000e+00 1.333333333333333259e+00 1.666666666666666741e+00
3.166666666666666519e+00 2.333333333333333481e+00 2.333333333333333481e+00
1.666666666666666741e+00 2.166666666666666519e+00 1.333333333333333259e+00
2.333333333333333481e+00 1.166666666666666741e+00 1.333333333333333259e+00
2.000000000000000000e+00 1.666666666666666741e+00 2.500000000000000000e+00
1.500000000000000000e+00 2.166666666666666519e+00 1.333333333333333259e+00
1.666666666666666741e+00 2.500000000000000000e+00 1.833333333333333259e+00
1.500000000000000000e+00 1.666666666666666741e+00 2.500000000000000000e+00
2.500000000000000000e+00 1.500000000000000000e+00 1.833333333333333259e+00
1.666666666666666741e+00 2.833333333333333481e+00 1.500000000000000000e+00
1.500000000000000000e+00 1.500000000000000000e+00 2.000000000000000000e+00
2.166666666666666519e+00 2.000000000000000000e+00 2.333333333333333481e+00
1.500000000000000000e+00 2.000000000000000000e+00 1.833333333333333259e+00
1.500000000000000000e+00 1.666666666666666741e+00 2.166666666666666519e+00
1.333333333333333259e+00 1.833333333333333259e+00 1.666666666666666741e+00
2.666666666666666519e+00 3.500000000000000000e+00 2.000000000000000000e+00
1.333333333333333259e+00 1.666666666666666741e+00 1.833333333333333259e+00
1.500000000000000000e+00 2.000000000000000000e+00 2.166666666666666519e+00
1.666666666666666741e+00 1.666666666666666741e+00 1.833333333333333259e+00
2.166666666666666519e+00 2.000000000000000000e+00 1.333333333333333259e+00
2.500000000000000000e+00 3.000000000000000000e+00 1.333333333333333259e+00
1.500000000000000000e+00 1.166666666666666741e+00 3.000000000000000000e+00
1.666666666666666741e+00 1.666666666666666741e+00 1.333333333333333259e+00
1.333333333333333259e+00 2.000000000000000000e+00 1.666666666666666741e+00
1.666666666666666741e+00 1.500000000000000000e+00 1.333333333333333259e+00
1.666666666666666741e+00 1.666666666666666741e+00 2.333333333333333481e+00
1.166666666666666741e+00 1.833333333333333259e+00 1.833333333333333259e+00
1.500000000000000000e+00 1.500000000000000000e+00 1.666666666666666741e+00
2.166666666666666519e+00 2.000000000000000000e+00 1.500000000000000000e+00
1.500000000000000000e+00 1.500000000000000000e+00 1.166666666666666741e+00
2.166666666666666519e+00 2.000000000000000000e+00 1.666666666666666741e+00
1.833333333333333259e+00 1.666666666666666741e+00 1.833333333333333259e+00
1.166666666666666741e+00 1.166666666666666741e+00 1.333333333333333259e+00
1.500000000000000000e+00 2.000000000000000000e+00 1.500000000000000000e+00
1.500000000000000000e+00 1.666666666666666741e+00 3.166666666666666519e+00
1.333333333333333259e+00 1.666666666666666741e+00 1.333333333333333259e+00
2.000000000000000000e+00 1.333333333333333259e+00 1.333333333333333259e+00
2.333333333333333481e+00 1.500000000000000000e+00 1.833333333333333259e+00
2.166666666666666519e+00 1.333333333333333259e+00 1.833333333333333259e+00
1.500000000000000000e+00 1.500000000000000000e+00 2.666666666666666519e+00
1.333333333333333259e+00 1.166666666666666741e+00 1.666666666666666741e+00
2.000000000000000000e+00 2.000000000000000000e+00 2.000000000000000000e+00
1.333333333333333259e+00 1.833333333333333259e+00 1.833333333333333259e+00
1.333333333333333259e+00 2.000000000000000000e+00 1.333333333333333259e+00
1.666666666666666741e+00 1.666666666666666741e+00 1.500000000000000000e+00
1.833333333333333259e+00 1.166666666666666741e+00 1.333333333333333259e+00
1.333333333333333259e+00 1.333333333333333259e+00 1.166666666666666741e+00
1.333333333333333259e+00 1.333333333333333259e+00 1.500000000000000000e+00
1.666666666666666741e+00 1.500000000000000000e+00 1.666666666666666741e+00
2.000000000000000000e+00 1.166666666666666741e+00 1.500000000000000000e+00
2.500000000000000000e+00 1.833333333333333259e+00 1.666666666666666741e+00
1.500000000000000000e+00 1.166666666666666741e+00 1.500000000000000000e+00
1.666666666666666741e+00 1.833333333333333259e+00 1.333333333333333259e+00
1.666666666666666741e+00 1.666666666666666741e+00 2.166666666666666519e+00
2.166666666666666519e+00 1.500000000000000000e+00 1.500000000000000000e+00
1.333333333333333259e+00 1.166666666666666741e+00 2.000000000000000000e+00
1.666666666666666741e+00 1.333333333333333259e+00 2.000000000000000000e+00
1.500000000000000000e+00 1.333333333333333259e+00 1.666666666666666741e+00
1.333333333333333259e+00 1.500000000000000000e+00 2.333333333333333481e+00
2.833333333333333481e+00 2.000000000000000000e+00 3.166666666666666519e+00
1.500000000000000000e+00 1.333333333333333259e+00 4.666666666666666963e+00
1.333333333333333259e+00 1.333333333333333259e+00 5.500000000000000000e+00
1.833333333333333259e+00 1.500000000000000000e+00 3.500000000000000000e+00
1.333333333333333259e+00 1.833333333333333259e+00 1.750000000000000000e+01
1.166666666666666741e+00 1.666666666666666741e+00 2.433333333333333215e+01
1.500000000000000000e+00 1.333333333333333259e+00 3.383333333333333570e+01
1.500000000000000000e+00 1.333333333333333259e+00 5.683333333333333570e+01
1.166666666666666741e+00 1.833333333333333259e+00 3.933333333333333570e+01
1.166666666666666741e+00 1.333333333333333259e+00 3.116666666666666785e+01
1.500000000000000000e+00 1.833333333333333259e+00 3.716666666666666430e+01
1.500000000000000000e+00 1.333333333333333259e+00 2.900000000000000000e+01
1.500000000000000000e+00 1.500000000000000000e+00 3.583333333333333570e+01
3.000000000000000000e+00 1.666666666666666741e+00 5.433333333333333570e+01
1.666666666666666741e+00 1.166666666666666741e+00 3.483333333333333570e+01
2.333333333333333481e+00 1.500000000000000000e+00 5.616666666666666430e+01
1.833333333333333259e+00 1.166666666666666741e+00 4.916666666666666430e+01
1.500000000000000000e+00 1.666666666666666741e+00 4.833333333333333570e+01
1.333333333333333259e+00 1.333333333333333259e+00 4.283333333333333570e+01
1.500000000000000000e+00 1.500000000000000000e+00 3.400000000000000000e+01
1.833333333333333259e+00 1.500000000000000000e+00 3.983333333333333570e+01
1.500000000000000000e+00 1.833333333333333259e+00 3.850000000000000000e+01
1.500000000000000000e+00 1.166666666666666741e+00 3.783333333333333570e+01
1.666666666666666741e+00 2.000000000000000000e+00 3.683333333333333570e+01
1.333333333333333259e+00 1.500000000000000000e+00 4.016666666666666430e+01
1.500000000000000000e+00 1.333333333333333259e+00 4.350000000000000000e+01
1.333333333333333259e+00 1.333333333333333259e+00 4.166666666666666430e+01
1.500000000000000000e+00 1.166666666666666741e+00 4.316666666666666430e+01
1.500000000000000000e+00 1.833333333333333259e+00 4.450000000000000000e+01
1.833333333333333259e+00 1.333333333333333259e+00 6.383333333333333570e+01
1.333333333333333259e+00 1.333333333333333259e+00 5.216666666666666430e+01
1.333333333333333259e+00 1.500000000000000000e+00 4.816666666666666430e+01
1.833333333333333259e+00 1.500000000000000000e+00 6.666666666666666963e+00
1.166666666666666741e+00 1.666666666666666741e+00 1.833333333333333215e+01
1.500000000000000000e+00 2.000000000000000000e+00 6.000000000000000000e+00
1.333333333333333259e+00 1.500000000000000000e+00 4.333333333333333037e+00
1.500000000000000000e+00 1.333333333333333259e+00 5.500000000000000000e+00
1.500000000000000000e+00 1.500000000000000000e+00 3.666666666666666519e+00
1.166666666666666741e+00 1.500000000000000000e+00 3.333333333333333481e+00
2.333333333333333481e+00 1.500000000000000000e+00 3.166666666666666519e+00
1.500000000000000000e+00 1.833333333333333259e+00 5.833333333333333037e+00
1.166666666666666741e+00 1.666666666666666741e+00 3.000000000000000000e+00
1.666666666666666741e+00 1.500000000000000000e+00 3.833333333333333481e+00
2.166666666666666519e+00 1.666666666666666741e+00 2.833333333333333481e+00
1.500000000000000000e+00 1.333333333333333259e+00 5.500000000000000000e+00
1.333333333333333259e+00 1.833333333333333259e+00 6.166666666666666963e+00
1.333333333333333259e+00 1.500000000000000000e+00 5.000000000000000000e+00
1.333333333333333259e+00 1.666666666666666741e+00 7.000000000000000000e+00
1.666666666666666741e+00 1.333333333333333259e+00 6.000000000000000000e+00
1.333333333333333259e+00 1.833333333333333259e+00 5.666666666666666963e+00
1.333333333333333259e+00 1.500000000000000000e+00 1.633333333333333215e+01
1.333333333333333259e+00 1.500000000000000000e+00 5.500000000000000000e+00
2.333333333333333481e+00 1.500000000000000000e+00 2.833333333333333481e+00
1.666666666666666741e+00 1.333333333333333259e+00 3.333333333333333481e+00
1.666666666666666741e+00 1.333333333333333259e+00 3.466666666666666430e+01
1.500000000000000000e+00 1.333333333333333259e+00 5.833333333333333037e+00
1.500000000000000000e+00 1.500000000000000000e+00 6.166666666666666963e+00
1.500000000000000000e+00 1.333333333333333259e+00 2.333333333333333481e+00
1.333333333333333259e+00 1.333333333333333259e+00 6.333333333333333037e+00
1.500000000000000000e+00 1.500000000000000000e+00 6.600000000000000000e+01
1.500000000000000000e+00 2.000000000000000000e+00 1.833333333333333215e+01
2.166666666666666519e+00 1.500000000000000000e+00 2.350000000000000000e+01
1.333333333333333259e+00 1.500000000000000000e+00 5.500000000000000000e+00
1.666666666666666741e+00 1.666666666666666741e+00 4.283333333333333570e+01
1.500000000000000000e+00 1.500000000000000000e+00 1.600000000000000000e+01
1.333333333333333259e+00 1.166666666666666741e+00 2.500000000000000000e+01
1.666666666666666741e+00 1.666666666666666741e+00 4.583333333333333570e+01
1.833333333333333259e+00 1.333333333333333259e+00 4.016666666666666430e+01
1.500000000000000000e+00 1.500000000000000000e+00 2.816666666666666785e+01
1.333333333333333259e+00 1.333333333333333259e+00 4.216666666666666430e+01
1.333333333333333259e+00 1.166666666666666741e+00 2.450000000000000000e+01
1.500000000000000000e+00 1.500000000000000000e+00 2.566666666666666785e+01
1.333333333333333259e+00 1.500000000000000000e+00 3.000000000000000000e+01
1.500000000000000000e+00 1.500000000000000000e+00 3.033333333333333215e+01
1.500000000000000000e+00 1.500000000000000000e+00 3.266666666666666430e+01
1.333333333333333259e+00 1.666666666666666741e+00 3.133333333333333215e+01
1.166666666666666741e+00 1.333333333333333259e+00 3.300000000000000000e+01
1.500000000000000000e+00 1.500000000000000000e+00 3.600000000000000000e+01
1.833333333333333259e+00 1.333333333333333259e+00 3.733333333333333570e+01
1.166666666666666741e+00 1.166666666666666741e+00 4.850000000000000000e+01
1.500000000000000000e+00 1.333333333333333259e+00 3.500000000000000000e+01
1.333333333333333259e+00 1.333333333333333259e+00 3.383333333333333570e+01
1.333333333333333259e+00 1.333333333333333259e+00 4.150000000000000000e+01
1.333333333333333259e+00 1.333333333333333259e+00 3.900000000000000000e+01
2.000000000000000000e+00 1.500000000000000000e+00 8.316666666666667140e+01
1.333333333333333259e+00 1.666666666666666741e+00 8.316666666666667140e+01
1.333333333333333259e+00 1.333333333333333259e+00 8.316666666666667140e+01
1.500000000000000000e+00 1.333333333333333259e+00 8.316666666666667140e+01
1.333333333333333259e+00 1.333333333333333259e+00 8.316666666666667140e+01
1.500000000000000000e+00 1.166666666666666741e+00 8.316666666666667140e+01
1.500000000000000000e+00 1.500000000000000000e+00 8.316666666666667140e+01
1.333333333333333259e+00 1.333333333333333259e+00 8.316666666666667140e+01
1.333333333333333259e+00 1.333333333333333259e+00 8.316666666666667140e+01
1.833333333333333259e+00 1.500000000000000000e+00 8.316666666666667140e+01
1.833333333333333259e+00 1.500000000000000000e+00 8.316666666666667140e+01
1.166666666666666741e+00 1.333333333333333259e+00 8.316666666666667140e+01
1.166666666666666741e+00 1.166666666666666741e+00 8.316666666666667140e+01
1.500000000000000000e+00 1.166666666666666741e+00 8.316666666666667140e+01
1.333333333333333259e+00 1.333333333333333259e+00 8.316666666666667140e+01
1.166666666666666741e+00 1.666666666666666741e+00 8.316666666666667140e+01
1.333333333333333259e+00 1.500000000000000000e+00 8.316666666666667140e+01
1.500000000000000000e+00 1.666666666666666741e+00 8.316666666666667140e+01
1.333333333333333259e+00 1.500000000000000000e+00 8.316666666666667140e+01
1.500000000000000000e+00 1.333333333333333259e+00 8.316666666666667140e+01
1.500000000000000000e+00 1.333333333333333259e+00 8.316666666666667140e+01
1.666666666666666741e+00 1.500000000000000000e+00 8.316666666666667140e+01
1.500000000000000000e+00 1.333333333333333259e+00 8.316666666666667140e+01
1.333333333333333259e+00 1.333333333333333259e+00 6.516666666666667140e+01
1.333333333333333259e+00 1.666666666666666741e+00 6.750000000000000000e+01
1.166666666666666741e+00 1.333333333333333259e+00 4.283333333333333570e+01
1.500000000000000000e+00 1.666666666666666741e+00 8.316666666666667140e+01
1.333333333333333259e+00 1.333333333333333259e+00 3.666666666666666430e+01
1.666666666666666741e+00 1.333333333333333259e+00 8.316666666666667140e+01
1.333333333333333259e+00 1.333333333333333259e+00 8.316666666666667140e+01
1.500000000000000000e+00 1.333333333333333259e+00 8.316666666666667140e+01
1.500000000000000000e+00 1.500000000000000000e+00 8.316666666666667140e+01
1.500000000000000000e+00 1.333333333333333259e+00 8.316666666666667140e+01
1.166666666666666741e+00 1.500000000000000000e+00 8.316666666666667140e+01
1.500000000000000000e+00 1.500000000000000000e+00 8.316666666666667140e+01
1.500000000000000000e+00 1.333333333333333259e+00 8.316666666666667140e+01
1.666666666666666741e+00 1.666666666666666741e+00 8.316666666666667140e+01
1.500000000000000000e+00 1.500000000000000000e+00 8.316666666666667140e+01
1.333333333333333259e+00 1.333333333333333259e+00 8.316666666666667140e+01
1.166666666666666741e+00 1.833333333333333259e+00 8.316666666666667140e+01
1.666666666666666741e+00 2.000000000000000000e+00 7.216666666666667140e+01
1.333333333333333259e+00 1.500000000000000000e+00 8.316666666666667140e+01
1.166666666666666741e+00 1.333333333333333259e+00 1.700000000000000000e+01
1.166666666666666741e+00 1.333333333333333259e+00 2.866666666666666785e+01
1.333333333333333259e+00 1.833333333333333259e+00 3.133333333333333215e+01
1.666666666666666741e+00 1.333333333333333259e+00 2.833333333333333215e+01
1.500000000000000000e+00 1.333333333333333259e+00 3.600000000000000000e+01
1.333333333333333259e+00 1.333333333333333259e+00 4.416666666666666430e+01
1.500000000000000000e+00 1.166666666666666741e+00 4.816666666666666430e+01
1.500000000000000000e+00 1.333333333333333259e+00 3.033333333333333215e+01
1.333333333333333259e+00 1.500000000000000000e+00 2.316666666666666785e+01
1.500000000000000000e+00 1.500000000000000000e+00 8.316666666666667140e+01
1.666666666666666741e+00 1.500000000000000000e+00 8.316666666666667140e+01
1.666666666666666741e+00 1.500000000000000000e+00 8.316666666666667140e+01
1.500000000000000000e+00 1.333333333333333259e+00 5.400000000000000000e+01
1.500000000000000000e+00 1.500000000000000000e+00 8.316666666666667140e+01
1.666666666666666741e+00 1.500000000000000000e+00 8.316666666666667140e+01
1.666666666666666741e+00 1.500000000000000000e+00 8.316666666666667140e+01
1.333333333333333259e+00 1.500000000000000000e+00 8.316666666666667140e+01
1.500000000000000000e+00 1.500000000000000000e+00 8.316666666666667140e+01
1.333333333333333259e+00 1.333333333333333259e+00 8.316666666666667140e+01
1.833333333333333259e+00 1.500000000000000000e+00 8.316666666666667140e+01
1.333333333333333259e+00 1.166666666666666741e+00 3.083333333333333215e+01
1.500000000000000000e+00 1.166666666666666741e+00 3.266666666666666430e+01
1.333333333333333259e+00 1.166666666666666741e+00 8.316666666666667140e+01
1.666666666666666741e+00 1.666666666666666741e+00 8.316666666666667140e+01
1.500000000000000000e+00 1.333333333333333259e+00 8.316666666666667140e+01
1.500000000000000000e+00 1.500000000000000000e+00 8.316666666666667140e+01
2.000000000000000000e+00 1.500000000000000000e+00 8.316666666666667140e+01
1.500000000000000000e+00 1.333333333333333259e+00 8.316666666666667140e+01
1.500000000000000000e+00 1.666666666666666741e+00 8.316666666666667140e+01
1.500000000000000000e+00 1.333333333333333259e+00 8.316666666666667140e+01
1.166666666666666741e+00 1.500000000000000000e+00 8.316666666666667140e+01
1.833333333333333259e+00 1.166666666666666741e+00 8.316666666666667140e+01
1.500000000000000000e+00 1.166666666666666741e+00 8.316666666666667140e+01
1.666666666666666741e+00 1.333333333333333259e+00 3.466666666666666430e+01
2.000000000000000000e+00 1.333333333333333259e+00 8.316666666666667140e+01
1.666666666666666741e+00 1.333333333333333259e+00 8.316666666666667140e+01
1.333333333333333259e+00 1.666666666666666741e+00 8.316666666666667140e+01
1.333333333333333259e+00 1.333333333333333259e+00 8.316666666666667140e+01
1.833333333333333259e+00 1.833333333333333259e+00 8.316666666666667140e+01
1.500000000000000000e+00 1.333333333333333259e+00 8.316666666666667140e+01
1.333333333333333259e+00 1.666666666666666741e+00 8.316666666666667140e+01
1.500000000000000000e+00 1.333333333333333259e+00 5.283333333333333570e+01
1.833333333333333259e+00 1.333333333333333259e+00 8.316666666666667140e+01
1.666666666666666741e+00 1.666666666666666741e+00 8.316666666666667140e+01
2.000000000000000000e+00 1.333333333333333259e+00 8.316666666666667140e+01
1.500000000000000000e+00 1.166666666666666741e+00 8.316666666666667140e+01
1.500000000000000000e+00 1.166666666666666741e+00 8.316666666666667140e+01
1.500000000000000000e+00 1.333333333333333259e+00 8.316666666666667140e+01
2.000000000000000000e+00 1.333333333333333259e+00 8.316666666666667140e+01
1.333333333333333259e+00 1.500000000000000000e+00 8.316666666666667140e+01
1.166666666666666741e+00 1.333333333333333259e+00 8.316666666666667140e+01
1.500000000000000000e+00 1.500000000000000000e+00 8.316666666666667140e+01
1.166666666666666741e+00 1.166666666666666741e+00 8.316666666666667140e+01
1.333333333333333259e+00 1.500000000000000000e+00 8.316666666666667140e+01
1.500000000000000000e+00 1.500000000000000000e+00 8.316666666666667140e+01
1.166666666666666741e+00 1.500000000000000000e+00 8.316666666666667140e+01
1.666666666666666741e+00 1.333333333333333259e+00 8.316666666666667140e+01
1.500000000000000000e+00 1.500000000000000000e+00 8.316666666666667140e+01
1.333333333333333259e+00 1.333333333333333259e+00 8.316666666666667140e+01
1.166666666666666741e+00 1.333333333333333259e+00 8.316666666666667140e+01
1.500000000000000000e+00 1.666666666666666741e+00 8.316666666666667140e+01
1.333333333333333259e+00 1.333333333333333259e+00 8.316666666666667140e+01
1.333333333333333259e+00 1.166666666666666741e+00 8.316666666666667140e+01
1.166666666666666741e+00 1.333333333333333259e+00 8.316666666666667140e+01
1.500000000000000000e+00 1.500000000000000000e+00 8.316666666666667140e+01
1.500000000000000000e+00 1.500000000000000000e+00 8.316666666666667140e+01
1.500000000000000000e+00 1.333333333333333259e+00 8.316666666666667140e+01
1.500000000000000000e+00 1.166666666666666741e+00 8.316666666666667140e+01
1.166666666666666741e+00 1.333333333333333259e+00 8.316666666666667140e+01
1.333333333333333259e+00 1.500000000000000000e+00 8.316666666666667140e+01
1.500000000000000000e+00 1.500000000000000000e+00 8.316666666666667140e+01
1.166666666666666741e+00 1.500000000000000000e+00 8.316666666666667140e+01
1.500000000000000000e+00 1.666666666666666741e+00 8.316666666666667140e+01
1.333333333333333259e+00 1.333333333333333259e+00 8.316666666666667140e+01
1.500000000000000000e+00 1.500000000000000000e+00 8.316666666666667140e+01
1.333333333333333259e+00 1.500000000000000000e+00 8.316666666666667140e+01
1.500000000000000000e+00 1.500000000000000000e+00 8.316666666666667140e+01
1.166666666666666741e+00 1.500000000000000000e+00 6.666666666666667140e+01
1.333333333333333259e+00 1.500000000000000000e+00 8.316666666666667140e+01
1.333333333333333259e+00 1.166666666666666741e+00 8.316666666666667140e+01
1.333333333333333259e+00 1.666666666666666741e+00 8.316666666666667140e+01
1.333333333333333259e+00 1.500000000000000000e+00 8.316666666666667140e+01
1.500000000000000000e+00 1.166666666666666741e+00 8.316666666666667140e+01
1.166666666666666741e+00 1.500000000000000000e+00 5.500000000000000000e+01
1.500000000000000000e+00 1.333333333333333259e+00 8.316666666666667140e+01
1.500000000000000000e+00 1.500000000000000000e+00 8.316666666666667140e+01
1.333333333333333259e+00 1.333333333333333259e+00 8.316666666666667140e+01
1.333333333333333259e+00 1.333333333333333259e+00 8.316666666666667140e+01
1.500000000000000000e+00 1.333333333333333259e+00 8.316666666666667140e+01
1.500000000000000000e+00 1.333333333333333259e+00 8.316666666666667140e+01
1.333333333333333259e+00 1.333333333333333259e+00 8.316666666666667140e+01
1.500000000000000000e+00 1.500000000000000000e+00 8.316666666666667140e+01
1.500000000000000000e+00 1.666666666666666741e+00 8.316666666666667140e+01
1.166666666666666741e+00 1.333333333333333259e+00 8.316666666666667140e+01
1.500000000000000000e+00 1.666666666666666741e+00 8.316666666666667140e+01
1.333333333333333259e+00 1.166666666666666741e+00 8.316666666666667140e+01
1.666666666666666741e+00 1.500000000000000000e+00 8.316666666666667140e+01
1.666666666666666741e+00 1.333333333333333259e+00 8.316666666666667140e+01
1.666666666666666741e+00 1.333333333333333259e+00 8.316666666666667140e+01
1.666666666666666741e+00 1.333333333333333259e+00 8.316666666666667140e+01
1.333333333333333259e+00 1.333333333333333259e+00 8.316666666666667140e+01
1.500000000000000000e+00 1.333333333333333259e+00 8.316666666666667140e+01
2.000000000000000000e+00 2.000000000000000000e+00 8.316666666666667140e+01
1.166666666666666741e+00 1.500000000000000000e+00 7.666666666666667140e+01
1.500000000000000000e+00 1.333333333333333259e+00 8.316666666666667140e+01
1.333333333333333259e+00 1.333333333333333259e+00 8.316666666666667140e+01
1.500000000000000000e+00 1.333333333333333259e+00 6.650000000000000000e+01
1.666666666666666741e+00 1.333333333333333259e+00 8.316666666666667140e+01
1.500000000000000000e+00 1.666666666666666741e+00 8.316666666666667140e+01
1.166666666666666741e+00 1.500000000000000000e+00 8.316666666666667140e+01
1.500000000000000000e+00 1.666666666666666741e+00 8.316666666666667140e+01
1.666666666666666741e+00 1.333333333333333259e+00 8.316666666666667140e+01
1.333333333333333259e+00 1.500000000000000000e+00 8.316666666666667140e+01
1.500000000000000000e+00 1.333333333333333259e+00 8.316666666666667140e+01
1.166666666666666741e+00 1.500000000000000000e+00 8.316666666666667140e+01
1.333333333333333259e+00 1.500000000000000000e+00 8.316666666666667140e+01
1.500000000000000000e+00 1.500000000000000000e+00 8.316666666666667140e+01
1.500000000000000000e+00 1.333333333333333259e+00 8.316666666666667140e+01
1.333333333333333259e+00 1.333333333333333259e+00 8.316666666666667140e+01
1.166666666666666741e+00 1.166666666666666741e+00 8.316666666666667140e+01
1.500000000000000000e+00 1.333333333333333259e+00 8.316666666666667140e+01
1.166666666666666741e+00 1.500000000000000000e+00 8.316666666666667140e+01
1.333333333333333259e+00 1.166666666666666741e+00 8.316666666666667140e+01
1.500000000000000000e+00 1.333333333333333259e+00 8.316666666666667140e+01
1.500000000000000000e+00 1.500000000000000000e+00 8.316666666666667140e+01
1.500000000000000000e+00 1.500000000000000000e+00 8.316666666666667140e+01
1.500000000000000000e+00 1.333333333333333259e+00 8.316666666666667140e+01
1.666666666666666741e+00 1.333333333333333259e+00 8.316666666666667140e+01
1.500000000000000000e+00 1.333333333333333259e+00 8.316666666666667140e+01
1.333333333333333259e+00 1.500000000000000000e+00 8.316666666666667140e+01
1.333333333333333259e+00 1.500000000000000000e+00 8.316666666666667140e+01
1.500000000000000000e+00 1.666666666666666741e+00 8.316666666666667140e+01
1.333333333333333259e+00 1.500000000000000000e+00 8.316666666666667140e+01
1.333333333333333259e+00 1.500000000000000000e+00 8.316666666666667140e+01
1.500000000000000000e+00 1.500000000000000000e+00 8.316666666666667140e+01
1.166666666666666741e+00 1.333333333333333259e+00 8.316666666666667140e+01
1.166666666666666741e+00 1.500000000000000000e+00 8.316666666666667140e+01
1.333333333333333259e+00 1.333333333333333259e+00 8.316666666666667140e+01
1.333333333333333259e+00 1.500000000000000000e+00 8.316666666666667140e+01
1.500000000000000000e+00 1.333333333333333259e+00 8.316666666666667140e+01
1.166666666666666741e+00 1.333333333333333259e+00 8.316666666666667140e+01
1.500000000000000000e+00 1.333333333333333259e+00 8.316666666666667140e+01
1.500000000000000000e+00 1.500000000000000000e+00 8.316666666666667140e+01
1.166666666666666741e+00 1.666666666666666741e+00 8.316666666666667140e+01
1.500000000000000000e+00 1.666666666666666741e+00 4.066666666666666430e+01
1.166666666666666741e+00 1.500000000000000000e+00 7.016666666666667140e+01
1.500000000000000000e+00 1.333333333333333259e+00 4.450000000000000000e+01
1.500000000000000000e+00 1.500000000000000000e+00 8.316666666666667140e+01
1.500000000000000000e+00 1.333333333333333259e+00 5.500000000000000000e+01
1.500000000000000000e+00 1.166666666666666741e+00 5.166666666666666430e+01
1.833333333333333259e+00 1.500000000000000000e+00 8.316666666666667140e+01
1.333333333333333259e+00 1.333333333333333259e+00 8.316666666666667140e+01
1.666666666666666741e+00 1.166666666666666741e+00 8.316666666666667140e+01
1.333333333333333259e+00 1.333333333333333259e+00 8.316666666666667140e+01
1.333333333333333259e+00 1.500000000000000000e+00 8.316666666666667140e+01
1.333333333333333259e+00 1.333333333333333259e+00 4.500000000000000000e+00
1.500000000000000000e+00 1.166666666666666741e+00 8.316666666666667140e+01
1.333333333333333259e+00 1.500000000000000000e+00 8.316666666666667140e+01
1.500000000000000000e+00 1.333333333333333259e+00 8.316666666666667140e+01
1.333333333333333259e+00 1.500000000000000000e+00 8.316666666666667140e+01
1.500000000000000000e+00 1.666666666666666741e+00 8.316666666666667140e+01
1.500000000000000000e+00 1.500000000000000000e+00 8.316666666666667140e+01
1.166666666666666741e+00 1.500000000000000000e+00 8.316666666666667140e+01
1.333333333333333259e+00 1.333333333333333259e+00 3.433333333333333570e+01
1.166666666666666741e+00 1.333333333333333259e+00 8.316666666666667140e+01
1.833333333333333259e+00 1.333333333333333259e+00 5.083333333333333570e+01
1.500000000000000000e+00 1.166666666666666741e+00 8.316666666666667140e+01
1.500000000000000000e+00 1.333333333333333259e+00 8.316666666666667140e+01
1.500000000000000000e+00 1.500000000000000000e+00 8.316666666666667140e+01
1.333333333333333259e+00 1.333333333333333259e+00 5.366666666666666430e+01
1.500000000000000000e+00 1.166666666666666741e+00 4.983333333333333570e+01
1.333333333333333259e+00 1.333333333333333259e+00 8.316666666666667140e+01
1.333333333333333259e+00 1.333333333333333259e+00 7.800000000000000000e+01
1.333333333333333259e+00 1.500000000000000000e+00 8.316666666666667140e+01
1.666666666666666741e+00 1.333333333333333259e+00 8.316666666666667140e+01
1.500000000000000000e+00 1.166666666666666741e+00 8.316666666666667140e+01
1.333333333333333259e+00 1.166666666666666741e+00 8.316666666666667140e+01
1.833333333333333259e+00 1.500000000000000000e+00 8.316666666666667140e+01
1.500000000000000000e+00 1.833333333333333259e+00 8.316666666666667140e+01
1.500000000000000000e+00 1.666666666666666741e+00 8.316666666666667140e+01
1.500000000000000000e+00 1.500000000000000000e+00 8.316666666666667140e+01
1.500000000000000000e+00 1.666666666666666741e+00 8.316666666666667140e+01
1.166666666666666741e+00 1.500000000000000000e+00 8.316666666666667140e+01
1.333333333333333259e+00 1.500000000000000000e+00 8.316666666666667140e+01
1.333333333333333259e+00 1.333333333333333259e+00 8.316666666666667140e+01
1.333333333333333259e+00 1.500000000000000000e+00 8.316666666666667140e+01
1.500000000000000000e+00 1.333333333333333259e+00 8.316666666666667140e+01
1.500000000000000000e+00 1.333333333333333259e+00 8.316666666666667140e+01
1.500000000000000000e+00 1.500000000000000000e+00 8.316666666666667140e+01
1.166666666666666741e+00 1.500000000000000000e+00 8.316666666666667140e+01
1.333333333333333259e+00 1.500000000000000000e+00 8.316666666666667140e+01
1.333333333333333259e+00 1.333333333333333259e+00 8.316666666666667140e+01
1.333333333333333259e+00 1.333333333333333259e+00 8.316666666666667140e+01
1.500000000000000000e+00 1.500000000000000000e+00 7.750000000000000000e+01
1.333333333333333259e+00 1.333333333333333259e+00 8.150000000000000000e+01
1.333333333333333259e+00 1.333333333333333259e+00 8.316666666666667140e+01
1.333333333333333259e+00 1.166666666666666741e+00 3.716666666666666430e+01
1.333333333333333259e+00 1.333333333333333259e+00 8.316666666666667140e+01
1.500000000000000000e+00 1.500000000000000000e+00 8.666666666666666075e+00
1.500000000000000000e+00 1.333333333333333259e+00 8.316666666666667140e+01
1.500000000000000000e+00 1.333333333333333259e+00 8.316666666666667140e+01
1.500000000000000000e+00 1.166666666666666741e+00 8.316666666666667140e+01
1.333333333333333259e+00 1.166666666666666741e+00 8.316666666666667140e+01
1.333333333333333259e+00 1.333333333333333259e+00 8.316666666666667140e+01
1.500000000000000000e+00 1.166666666666666741e+00 4.866666666666666430e+01
1.500000000000000000e+00 1.500000000000000000e+00 4.566666666666666430e+01
1.333333333333333259e+00 1.166666666666666741e+00 8.316666666666667140e+01
1.833333333333333259e+00 1.500000000000000000e+00 8.316666666666667140e+01
1.500000000000000000e+00 1.333333333333333259e+00 8.316666666666667140e+01
1.166666666666666741e+00 1.166666666666666741e+00 1.366666666666666607e+01
1.333333333333333259e+00 1.500000000000000000e+00 7.883333333333332860e+01
1.333333333333333259e+00 1.666666666666666741e+00 8.316666666666667140e+01
1.666666666666666741e+00 1.333333333333333259e+00 1.100000000000000000e+01
1.666666666666666741e+00 1.333333333333333259e+00 8.316666666666667140e+01
1.333333333333333259e+00 1.666666666666666741e+00 3.116666666666666785e+01
1.500000000000000000e+00 1.333333333333333259e+00 5.800000000000000000e+01
1.333333333333333259e+00 1.500000000000000000e+00 8.316666666666667140e+01
1.500000000000000000e+00 1.500000000000000000e+00 8.316666666666667140e+01
1.500000000000000000e+00 1.666666666666666741e+00 6.133333333333333570e+01
1.333333333333333259e+00 1.500000000000000000e+00 8.316666666666667140e+01
1.666666666666666741e+00 1.666666666666666741e+00 8.316666666666667140e+01
1.500000000000000000e+00 1.333333333333333259e+00 8.316666666666667140e+01
1.500000000000000000e+00 1.666666666666666741e+00 8.316666666666667140e+01
1.500000000000000000e+00 1.166666666666666741e+00 8.266666666666667140e+01
1.500000000000000000e+00 1.666666666666666741e+00 6.333333333333333037e+00
1.500000000000000000e+00 1.500000000000000000e+00 8.316666666666667140e+01
1.500000000000000000e+00 1.500000000000000000e+00 8.316666666666667140e+01
1.666666666666666741e+00 1.333333333333333259e+00 8.316666666666667140e+01
1.500000000000000000e+00 1.500000000000000000e+00 8.316666666666667140e+01
1.500000000000000000e+00 1.500000000000000000e+00 8.316666666666667140e+01
1.333333333333333259e+00 2.000000000000000000e+00 8.316666666666667140e+01
1.500000000000000000e+00 1.500000000000000000e+00 8.316666666666667140e+01
1.166666666666666741e+00 1.666666666666666741e+00 8.316666666666667140e+01
1.333333333333333259e+00 1.333333333333333259e+00 8.316666666666667140e+01
1.333333333333333259e+00 1.333333333333333259e+00 8.316666666666667140e+01
1.500000000000000000e+00 1.500000000000000000e+00 8.316666666666667140e+01
1.500000000000000000e+00 1.500000000000000000e+00 8.316666666666667140e+01
1.166666666666666741e+00 1.500000000000000000e+00 7.916666666666667140e+01
1.500000000000000000e+00 1.500000000000000000e+00 8.316666666666667140e+01
1.500000000000000000e+00 1.333333333333333259e+00 8.316666666666667140e+01
1.666666666666666741e+00 1.666666666666666741e+00 8.316666666666667140e+01
1.333333333333333259e+00 1.333333333333333259e+00 8.316666666666667140e+01
1.833333333333333259e+00 1.333333333333333259e+00 8.316666666666667140e+01
1.500000000000000000e+00 1.333333333333333259e+00 8.316666666666667140e+01
1.166666666666666741e+00 1.166666666666666741e+00 8.316666666666667140e+01
1.500000000000000000e+00 1.666666666666666741e+00 8.316666666666667140e+01
1.500000000000000000e+00 1.500000000000000000e+00 9.666666666666666075e+00
1.833333333333333259e+00 1.500000000000000000e+00 8.316666666666667140e+01
1.333333333333333259e+00 1.166666666666666741e+00 7.850000000000000000e+01
1.333333333333333259e+00 1.500000000000000000e+00 8.316666666666667140e+01
1.500000000000000000e+00 1.333333333333333259e+00 8.316666666666667140e+01
1.333333333333333259e+00 1.333333333333333259e+00 8.316666666666667140e+01
1.500000000000000000e+00 1.666666666666666741e+00 8.316666666666667140e+01
1.500000000000000000e+00 1.333333333333333259e+00 1.233333333333333393e+01
1.333333333333333259e+00 1.333333333333333259e+00 8.316666666666667140e+01
1.833333333333333259e+00 1.333333333333333259e+00 8.316666666666667140e+01
1.500000000000000000e+00 1.333333333333333259e+00 8.316666666666667140e+01
1.500000000000000000e+00 1.666666666666666741e+00 8.316666666666667140e+01
1.666666666666666741e+00 1.500000000000000000e+00 8.316666666666667140e+01
1.166666666666666741e+00 1.500000000000000000e+00 8.316666666666667140e+01
1.500000000000000000e+00 1.500000000000000000e+00 8.316666666666667140e+01
1.500000000000000000e+00 1.833333333333333259e+00 8.316666666666667140e+01
1.833333333333333259e+00 1.500000000000000000e+00 8.316666666666667140e+01
1.666666666666666741e+00 1.333333333333333259e+00 8.316666666666667140e+01
1.500000000000000000e+00 1.333333333333333259e+00 8.316666666666667140e+01
2.000000000000000000e+00 1.500000000000000000e+00 8.316666666666667140e+01
1.500000000000000000e+00 1.333333333333333259e+00 8.316666666666667140e+01
1.500000000000000000e+00 1.333333333333333259e+00 8.316666666666667140e+01
1.500000000000000000e+00 1.333333333333333259e+00 5.050000000000000000e+01
1.500000000000000000e+00 1.500000000000000000e+00 8.316666666666667140e+01
1.666666666666666741e+00 1.500000000000000000e+00 8.316666666666667140e+01
1.333333333333333259e+00 1.500000000000000000e+00 8.316666666666667140e+01
1.333333333333333259e+00 1.500000000000000000e+00 8.316666666666667140e+01
1.500000000000000000e+00 1.500000000000000000e+00 8.316666666666667140e+01
1.333333333333333259e+00 1.666666666666666741e+00 8.316666666666667140e+01
1.500000000000000000e+00 1.333333333333333259e+00 8.316666666666667140e+01
1.500000000000000000e+00 1.500000000000000000e+00 1.316666666666666607e+01
1.666666666666666741e+00 1.166666666666666741e+00 8.316666666666667140e+01
1.500000000000000000e+00 1.333333333333333259e+00 1.683333333333333215e+01
1.833333333333333259e+00 1.333333333333333259e+00 4.300000000000000000e+01
1.166666666666666741e+00 1.833333333333333259e+00 8.316666666666667140e+01
1.333333333333333259e+00 1.166666666666666741e+00 8.316666666666667140e+01
1.333333333333333259e+00 1.333333333333333259e+00 8.316666666666667140e+01
1.500000000000000000e+00 1.333333333333333259e+00 8.316666666666667140e+01
1.166666666666666741e+00 1.500000000000000000e+00 8.316666666666667140e+01
1.500000000000000000e+00 1.333333333333333259e+00 8.316666666666667140e+01
1.500000000000000000e+00 1.333333333333333259e+00 8.316666666666667140e+01
1.333333333333333259e+00 1.333333333333333259e+00 8.316666666666667140e+01
1.333333333333333259e+00 1.333333333333333259e+00 8.316666666666667140e+01
1.833333333333333259e+00 1.333333333333333259e+00 8.316666666666667140e+01
1.500000000000000000e+00 2.000000000000000000e+00 8.316666666666667140e+01
1.333333333333333259e+00 1.500000000000000000e+00 8.316666666666667140e+01
1.166666666666666741e+00 1.500000000000000000e+00 8.316666666666667140e+01
1.666666666666666741e+00 1.333333333333333259e+00 8.316666666666667140e+01
1.500000000000000000e+00 1.500000000000000000e+00 8.316666666666667140e+01
1.166666666666666741e+00 1.333333333333333259e+00 8.316666666666667140e+01
1.333333333333333259e+00 1.500000000000000000e+00 8.316666666666667140e+01
